[(0, 9.5367431640625e-07), (1, 1.9073486328125e-05), (2, 0.0001811981201171875), (3, 0.001087188720703125), (4, 0.004620552062988281), (5, 0.0147857666015625), (6, 0.03696441650390625), (7, 0.0739288330078125), (8, 0.12013435363769531), (9, 0.16017913818359375), (10, 0.17619705200195312), (11, 0.16017913818359375), (12, 0.12013435363769531), (13, 0.0739288330078125), (14, 0.03696441650390625), (15, 0.0147857666015625), (16, 0.004620552062988281), (17, 0.001087188720703125), (18, 0.0001811981201171875), (19, 1.9073486328125e-05), (20, 9.5367431640625e-07)] = 524287.5
[(0, 1.0)] < 0.0
[(1, 1.0)] < 524278.5
[(2, 1.0)] < 786337.5
[(3, 1.0)] < 942803.9736842106
[(4, 1.0)] < 1013246.5077399381
[(5, 1.0)] < 1031981.5030959753
[(6, 1.0)] < 1026850.9388544891
[(7, 1.0)] < 1009164.0549535603
[(8, 1.0)] < 985394.7951893308
[(9, 1.0)] < 964530.9639199809
[(10, 1.0)] < 956173.9348762692
[(11, 1.0)] < 964586.1599190283
[(12, 1.0)] < 985586.5682305311
[(13, 1.0)] < 1009813.7995356037
[(14, 1.0)] < 1029194.8034055728
[(15, 1.0)] < 1040823.2678018576
[(16, 1.0)] < 1046152.9535603715
[(17, 1.0)] < 1048005.5
[(18, 1.0)] < 1048480.5
[(19, 1.0)] < 1048565.5
[(20, 1.0)] < 1048575.0
[(0, 1.0)] > -0.5
[(1, 1.0)] > 9.0
[(2, 1.0)] > 94.0
[(3, 1.0)] > 569.0
[(4, 1.0)] > 2421.5
[(5, 1.0)] > 7751.0
[(6, 1.0)] > 19379.0
[(7, 1.0)] > 38759.0
[(8, 1.0)] > 62984.0
[(9, 1.0)] > 83979.0
[(10, 1.0)] > 92377.0
[(11, 1.0)] > 83979.0
[(12, 1.0)] > 62984.0
[(13, 1.0)] > 38759.0
[(14, 1.0)] > 19379.0
[(15, 1.0)] > 7751.0
[(16, 1.0)] > 2421.5
[(17, 1.0)] > 569.0
[(18, 1.0)] > 94.0
[(19, 1.0)] > 9.0
[(20, 1.0)] > -0.5
level	bound
0	0.00
1	9.00
2	94.00
3	569.00
4	2421.50
5	7751.00
6	19379.00
7	38759.00
8	62984.00
9	83979.00
10	524306.40
11	964586.16
12	985586.57
13	1009813.80
14	1029194.80
15	1040823.27
16	1046152.95
17	1048005.50
18	1048480.50
19	1048565.50
20	0.00
