[((3, 0), 0.047619047619047616), ((3, 1), 0.9523809523809523)] = 10.0
[((4, 0), 0.005376344086021506), ((4, 1), 0.10752688172043011), ((4, 2), 0.4838709677419355), ((4, 3), 0.3225806451612903), ((4, 4), 0.08064516129032258)] = 92.5
[((5, 0), 0.00016852039096730705), ((5, 1), 0.003370407819346141), ((5, 2), 0.030333670374115267), ((5, 3), 0.11122345803842265), ((5, 4), 0.20980788675429726), ((5, 5), 0.25480283114256824), ((5, 6), 0.2123356926188069), ((5, 7), 0.12133468149646107), ((5, 8), 0.0455005055611729), ((5, 9), 0.010111223458038422), ((5, 10), 0.0010111223458038423)] = 2966.5
[((6, 0), 9.5367431640625e-07), ((6, 1), 1.9073486328125e-05), ((6, 2), 0.0001811981201171875), ((6, 3), 0.001087188720703125), ((6, 4), 0.004620552062988281), ((6, 5), 0.0147857666015625), ((6, 6), 0.03696441650390625), ((6, 7), 0.0739288330078125), ((6, 8), 0.12013435363769531), ((6, 9), 0.16017913818359375), ((6, 10), 0.17619705200195312), ((6, 11), 0.16017913818359375), ((6, 12), 0.12013435363769531), ((6, 13), 0.0739288330078125), ((6, 14), 0.03696441650390625), ((6, 15), 0.0147857666015625), ((6, 16), 0.004620552062988281), ((6, 17), 0.001087188720703125), ((6, 18), 0.0001811981201171875), ((6, 19), 1.9073486328125e-05), ((6, 20), 9.5367431640625e-07)] = 524287.5
[((3, 0), 1.0)] < 21
[((3, 1), 1.0)] < 21
[((4, 0), 1.0)] < 186
[((4, 1), 1.0)] < 186
[((4, 2), 1.0)] < 186
[((4, 3), 1.0)] < 186
[((4, 4), 1.0)] < 186
[((5, 0), 1.0)] < 5934
[((5, 1), 1.0)] < 5934
[((5, 2), 1.0)] < 5934
[((5, 3), 1.0)] < 5934
[((5, 4), 1.0)] < 5934
[((5, 5), 1.0)] < 5934
[((5, 6), 1.0)] < 5934
[((5, 7), 1.0)] < 5934
[((5, 8), 1.0)] < 5934
[((5, 9), 1.0)] < 5934
[((5, 10), 1.0)] < 5934
[((6, 0), 1.0)] < 1048576
[((6, 1), 1.0)] < 1048576
[((6, 2), 1.0)] < 1048576
[((6, 3), 1.0)] < 1048576
[((6, 4), 1.0)] < 1048576
[((6, 5), 1.0)] < 1048576
[((6, 6), 1.0)] < 1048576
[((6, 7), 1.0)] < 1048576
[((6, 8), 1.0)] < 1048576
[((6, 9), 1.0)] < 1048576
[((6, 10), 1.0)] < 1048576
[((6, 11), 1.0)] < 1048576
[((6, 12), 1.0)] < 1048576
[((6, 13), 1.0)] < 1048576
[((6, 14), 1.0)] < 1048576
[((6, 15), 1.0)] < 1048576
[((6, 16), 1.0)] < 1048576
[((6, 17), 1.0)] < 1048576
[((6, 18), 1.0)] < 1048576
[((6, 19), 1.0)] < 1048576
[((6, 20), 1.0)] < 1048576
[((3, 1), 1.0)] > 10.5
[((4, 1), 1.0), ((3, np.int64(0)), np.float64(-1.0))] > 10.5
[((4, 2), 1.0), ((3, np.int64(1)), np.float64(-0.5)), ((3, np.int64(0)), np.float64(-0.5))] > 50.25
[((4, 3), 1.0), ((3, np.int64(1)), np.float64(-0.75)), ((3, np.int64(0)), np.float64(-0.25))] > 37.625
[((4, 4), 1.0), ((3, np.int64(1)), np.float64(-1.0))] > 17.5
[((5, 1), 1.0), ((4, np.int64(0)), np.float64(-1.0000000000000004))] > 10.5
[((5, 2), 1.0), ((4, np.int64(1)), np.float64(-0.6153846153846155)), ((4, np.int64(0)), np.float64(-0.3846153846153847))] > 96.34615384615384
[((5, 3), 1.0), ((4, np.int64(2)), np.float64(-0.3103448275862069)), ((4, np.int64(1)), np.float64(-0.5172413793103449)), ((4, np.int64(0)), np.float64(-0.17241379310344826))] > 349.2241379310345
[((5, 4), 1.0), ((4, np.int64(3)), np.float64(-0.11483253588516745)), ((4, np.int64(2)), np.float64(-0.430622009569378)), ((4, np.int64(1)), np.float64(-0.38277511961722493)), ((4, np.int64(0)), np.float64(-0.07177033492822968))] > 649.1866028708134
[((5, 5), 1.0), ((4, np.int64(4)), np.float64(-0.023809523809523808)), ((4, np.int64(3)), np.float64(-0.2380952380952381)), ((4, np.int64(2)), np.float64(-0.4761904761904762)), ((4, np.int64(1)), np.float64(-0.2380952380952381)), ((4, np.int64(0)), np.float64(-0.023809523809523808))] > 787.1428571428571
[((5, 6), 1.0), ((4, np.int64(4)), np.float64(-0.07142857142857142)), ((4, np.int64(3)), np.float64(-0.38095238095238093)), ((4, np.int64(2)), np.float64(-0.42857142857142855)), ((4, np.int64(1)), np.float64(-0.11428571428571428)), ((4, np.int64(0)), np.float64(-0.0047619047619047615))] > 662.3952380952381
[((5, 7), 1.0), ((4, np.int64(4)), np.float64(-0.16666666666666666)), ((4, np.int64(3)), np.float64(-0.5)), ((4, np.int64(2)), np.float64(-0.30000000000000004)), ((4, np.int64(1)), np.float64(-0.03333333333333333))] > 390.0833333333333
[((5, 8), 1.0), ((4, np.int64(4)), np.float64(-0.3333333333333333)), ((4, np.int64(3)), np.float64(-0.5333333333333333)), ((4, np.int64(2)), np.float64(-0.13333333333333333))] > 159.5
[((5, 9), 1.0), ((4, np.int64(4)), np.float64(-0.6)), ((4, np.int64(3)), np.float64(-0.4000000000000001))] > 46.5
[((5, 10), 1.0), ((4, np.int64(4)), np.float64(-1.0))] > 10.5
[((6, 1), 1.0), ((5, np.int64(0)), np.float64(-1.0))] > 10.5
[((6, 2), 1.0), ((5, np.int64(1)), np.float64(-0.6896551724137931)), ((5, np.int64(0)), np.float64(-0.31034482758620696))] > 102.05172413793103
[((6, 3), 1.0), ((5, np.int64(2)), np.float64(-0.4411764705882353)), ((5, np.int64(1)), np.float64(-0.4411764705882353)), ((5, np.int64(0)), np.float64(-0.11764705882352942))] > 614.1764705882352
[((6, 4), 1.0), ((5, np.int64(3)), np.float64(-0.2588996763754045)), ((5, np.int64(2)), np.float64(-0.4368932038834952)), ((5, np.int64(1)), np.float64(-0.25889967637540456)), ((5, np.int64(0)), np.float64(-0.045307443365695796))] > 2549.868932038835
[((6, 5), 1.0), ((5, np.int64(4)), np.float64(-0.13768686073957515)), ((5, np.int64(3)), np.float64(-0.35405192761605037)), ((5, np.int64(2)), np.float64(-0.35405192761605037)), ((5, np.int64(1)), np.float64(-0.13768686073957515)), ((5, np.int64(0)), np.float64(-0.016522423288749016))] > 7987.797010228167
[((6, 6), 1.0), ((5, np.int64(5)), np.float64(-0.06536964980544747)), ((5, np.int64(4)), np.float64(-0.245136186770428)), ((5, np.int64(3)), np.float64(-0.3735408560311284)), ((5, np.int64(2)), np.float64(-0.245136186770428)), ((5, np.int64(1)), np.float64(-0.06536964980544747)), ((5, np.int64(0)), np.float64(-0.005447470817120622))] > 19728.003891050583
[((6, 7), 1.0), ((5, np.int64(6)), np.float64(-0.02713178294573643)), ((5, np.int64(5)), np.float64(-0.14651162790697675)), ((5, np.int64(4)), np.float64(-0.32558139534883723)), ((5, np.int64(3)), np.float64(-0.32558139534883723)), ((5, np.int64(2)), np.float64(-0.14651162790697675)), ((5, np.int64(1)), np.float64(-0.027131782945736434)), ((5, np.int64(0)), np.float64(-0.001550387596899225))] > 39211.43023255814
[((6, 8), 1.0), ((5, np.int64(7)), np.float64(-0.009529481834425254)), ((5, np.int64(6)), np.float64(-0.07504466944609885)), ((5, np.int64(5)), np.float64(-0.2401429422275164)), ((5, np.int64(4)), np.float64(-0.35020845741512807)), ((5, np.int64(3)), np.float64(-0.24014294222751642)), ((5, np.int64(2)), np.float64(-0.07504466944609885)), ((5, np.int64(1)), np.float64(-0.009529481834425252)), ((5, np.int64(0)), np.float64(-0.0003573555687909469))] > 63521.35824895771
[((6, 9), 1.0), ((5, np.int64(8)), np.float64(-0.002679368859779696)), ((5, np.int64(7)), np.float64(-0.03215242631735635)), ((5, np.int64(6)), np.float64(-0.15004465614766296)), ((5, np.int64(5)), np.float64(-0.31509377791009224)), ((5, np.int64(4)), np.float64(-0.31509377791009224)), ((5, np.int64(3)), np.float64(-0.15004465614766296)), ((5, np.int64(2)), np.float64(-0.032152426317356354)), ((5, np.int64(1)), np.float64(-0.0026793688597796963)), ((5, np.int64(0)), np.float64(-5.9541530217326585e-05))] > 84573.25677284907
[((6, 10), 1.0), ((5, np.int64(9)), np.float64(-0.0005412573408026846)), ((5, np.int64(8)), np.float64(-0.010960461151254364)), ((5, np.int64(7)), np.float64(-0.07794105707558659)), ((5, np.int64(6)), np.float64(-0.23869448729398388)), ((5, np.int64(5)), np.float64(-0.3437200617033368)), ((5, np.int64(4)), np.float64(-0.23869448729398393)), ((5, np.int64(3)), np.float64(-0.07794105707558659)), ((5, np.int64(2)), np.float64(-0.010960461151254364)), ((5, np.int64(1)), np.float64(-0.0005412573408026846)), ((5, np.int64(0)), np.float64(-5.4125734080268465e-06))] > 92993.08429812454
[((6, 11), 1.0), ((5, np.int64(10)), np.float64(-5.953798523457966e-05)), ((5, np.int64(9)), np.float64(-0.0026792093355560843)), ((5, np.int64(8)), np.float64(-0.03215051202667301)), ((5, np.int64(7)), np.float64(-0.15003572279114072)), ((5, np.int64(6)), np.float64(-0.3150750178613955)), ((5, np.int64(5)), np.float64(-0.3150750178613956)), ((5, np.int64(4)), np.float64(-0.15003572279114075)), ((5, np.int64(3)), np.float64(-0.03215051202667302)), ((5, np.int64(2)), np.float64(-0.0026792093355560843)), ((5, np.int64(1)), np.float64(-5.953798523457966e-05))] > 84579.37633960467
[((6, 12), 1.0), ((5, np.int64(10)), np.float64(-0.0003572279114074779)), ((5, np.int64(9)), np.float64(-0.009526077637532746)), ((5, np.int64(8)), np.float64(-0.07501786139557037)), ((5, np.int64(7)), np.float64(-0.24005715646582523)), ((5, np.int64(6)), np.float64(-0.3500833531793284)), ((5, np.int64(5)), np.float64(-0.24005715646582518)), ((5, np.int64(4)), np.float64(-0.07501786139557037)), ((5, np.int64(3)), np.float64(-0.009526077637532746)), ((5, np.int64(2)), np.float64(-0.000357227911407478))] > 63533.74493927125
[((6, 13), 1.0), ((5, np.int64(10)), np.float64(-0.0015479876160990713)), ((5, np.int64(9)), np.float64(-0.027089783281733747)), ((5, np.int64(8)), np.float64(-0.14628482972136223)), ((5, np.int64(7)), np.float64(-0.325077399380805)), ((5, np.int64(6)), np.float64(-0.325077399380805)), ((5, np.int64(5)), np.float64(-0.14628482972136223)), ((5, np.int64(4)), np.float64(-0.027089783281733747)), ((5, np.int64(3)), np.float64(-0.0015479876160990713))] > 39230.357972136226
[((6, 14), 1.0), ((5, np.int64(10)), np.float64(-0.005417956656346749)), ((5, np.int64(9)), np.float64(-0.06501547987616099)), ((5, np.int64(8)), np.float64(-0.24380804953560373)), ((5, np.int64(7)), np.float64(-0.3715170278637771)), ((5, np.int64(6)), np.float64(-0.24380804953560373)), ((5, np.int64(5)), np.float64(-0.065015479876161)), ((5, np.int64(4)), np.float64(-0.005417956656346749))] > 19754.750386996904
[((6, 15), 1.0), ((5, np.int64(10)), np.float64(-0.016253869969040248)), ((5, np.int64(9)), np.float64(-0.13544891640866874)), ((5, np.int64(8)), np.float64(-0.34829721362229105)), ((5, np.int64(7)), np.float64(-0.34829721362229105)), ((5, np.int64(6)), np.float64(-0.1354489164086687)), ((5, np.int64(5)), np.float64(-0.016253869969040248))] > 8026.140092879257
[((6, 16), 1.0), ((5, np.int64(10)), np.float64(-0.043343653250773995)), ((5, np.int64(9)), np.float64(-0.2476780185758514)), ((5, np.int64(8)), np.float64(-0.4179566563467492)), ((5, np.int64(7)), np.float64(-0.24767801857585137)), ((5, np.int64(6)), np.float64(-0.04334365325077399))] > 2602.955108359133
[((6, 17), 1.0), ((5, np.int64(10)), np.float64(-0.10526315789473684)), ((5, np.int64(9)), np.float64(-0.39473684210526316)), ((5, np.int64(8)), np.float64(-0.39473684210526316)), ((5, np.int64(7)), np.float64(-0.10526315789473684))] > 673.3421052631579
[((6, 18), 1.0), ((5, np.int64(10)), np.float64(-0.2368421052631579)), ((5, np.int64(9)), np.float64(-0.5263157894736842)), ((5, np.int64(8)), np.float64(-0.2368421052631579))] > 143.4736842105263
[((6, 19), 1.0), ((5, np.int64(10)), np.float64(-0.5)), ((5, np.int64(9)), np.float64(-0.5))] > 26.5
[((6, 20), 1.0), ((5, np.int64(10)), np.float64(-0.9999999999999999))] > 3.4999999999999996
Num. cliques    Expected rank
0		0.00
1		10.50
2		109.29
3		664.17
4		2693.78
5		8252.96
6		20181.18
7		39999.68
8		64797.39
9		86476.52
10		95285.48
11		86571.65
12		65021.80
13		40190.79
14		20358.54
15		8412.04
16		2857.72
17		839.89
18		244.78
19		86.50
20		42.00
