Z =
[[1.    0.    0.   ]
 [0.5   0.5   0.   ]
 [0.167 0.667 0.167]
 [0.    0.5   0.5  ]
 [0.    0.    1.   ]]

A =
[[0.25 0.5  0.25 0.   0.  ]
 [0.   0.25 0.5  0.25 0.  ]
 [0.   0.   0.25 0.5  0.25]]

ZA =
[[0.25  0.5   0.25  0.    0.   ]
 [0.125 0.375 0.375 0.125 0.   ]
 [0.042 0.25  0.417 0.25  0.042]
 [0.    0.125 0.375 0.375 0.125]
 [0.    0.    0.25  0.5   0.25 ]]

ZA (alternate take) =
[[0.25  0.5   0.25  0.    0.   ]
 [0.125 0.375 0.375 0.125 0.   ]
 [0.042 0.25  0.417 0.25  0.042]
 [0.    0.125 0.375 0.375 0.125]
 [0.    0.    0.25  0.5   0.25 ]]

binomial coefficients: x = 
[1 4 6 4 1]

x * Z * A =
[[1. 4. 6. 4. 1.]]

