Z =
[[1.    0.    0.    0.    0.    0.    0.    0.    0.    0.    0.    0.    0.    0.    0.    0.    0.   ]
 [0.2   0.8   0.    0.    0.    0.    0.    0.    0.    0.    0.    0.    0.    0.    0.    0.    0.   ]
 [0.032 0.337 0.632 0.    0.    0.    0.    0.    0.    0.    0.    0.    0.    0.    0.    0.    0.   ]
 [0.004 0.084 0.421 0.491 0.    0.    0.    0.    0.    0.    0.    0.    0.    0.    0.    0.    0.   ]
 [0.    0.013 0.149 0.462 0.376 0.    0.    0.    0.    0.    0.    0.    0.    0.    0.    0.    0.   ]
 [0.    0.001 0.031 0.217 0.47  0.282 0.    0.    0.    0.    0.    0.    0.    0.    0.    0.    0.   ]
 [0.    0.    0.003 0.058 0.282 0.451 0.207 0.    0.    0.    0.    0.    0.    0.    0.    0.    0.   ]
 [0.    0.    0.    0.007 0.094 0.338 0.413 0.148 0.    0.    0.    0.    0.    0.    0.    0.    0.   ]
 [0.    0.    0.    0.    0.014 0.139 0.381 0.363 0.102 0.    0.    0.    0.    0.    0.    0.    0.   ]
 [0.    0.    0.    0.    0.    0.026 0.191 0.409 0.307 0.068 0.    0.    0.    0.    0.    0.    0.   ]
 [0.    0.    0.    0.    0.    0.    0.043 0.248 0.418 0.248 0.043 0.    0.    0.    0.    0.    0.   ]
 [0.    0.    0.    0.    0.    0.    0.    0.068 0.307 0.409 0.191 0.026 0.    0.    0.    0.    0.   ]
 [0.    0.    0.    0.    0.    0.    0.    0.    0.102 0.363 0.381 0.139 0.014 0.    0.    0.    0.   ]
 [0.    0.    0.    0.    0.    0.    0.    0.    0.    0.148 0.413 0.338 0.094 0.007 0.    0.    0.   ]
 [0.    0.    0.    0.    0.    0.    0.    0.    0.    0.    0.207 0.451 0.282 0.058 0.003 0.    0.   ]
 [0.    0.    0.    0.    0.    0.    0.    0.    0.    0.    0.    0.282 0.47  0.217 0.031 0.001 0.   ]
 [0.    0.    0.    0.    0.    0.    0.    0.    0.    0.    0.    0.    0.376 0.462 0.149 0.013 0.   ]
 [0.    0.    0.    0.    0.    0.    0.    0.    0.    0.    0.    0.    0.    0.491 0.421 0.084 0.004]
 [0.    0.    0.    0.    0.    0.    0.    0.    0.    0.    0.    0.    0.    0.    0.632 0.337 0.032]
 [0.    0.    0.    0.    0.    0.    0.    0.    0.    0.    0.    0.    0.    0.    0.    0.8   0.2  ]
 [0.    0.    0.    0.    0.    0.    0.    0.    0.    0.    0.    0.    0.    0.    0.    0.    1.   ]]

A =
[[0.062 0.25  0.375 0.25  0.062 0.    0.    0.    0.    0.    0.    0.    0.    0.    0.    0.    0.    0.    0.    0.    0.   ]
 [0.    0.062 0.25  0.375 0.25  0.062 0.    0.    0.    0.    0.    0.    0.    0.    0.    0.    0.    0.    0.    0.    0.   ]
 [0.    0.    0.062 0.25  0.375 0.25  0.062 0.    0.    0.    0.    0.    0.    0.    0.    0.    0.    0.    0.    0.    0.   ]
 [0.    0.    0.    0.062 0.25  0.375 0.25  0.062 0.    0.    0.    0.    0.    0.    0.    0.    0.    0.    0.    0.    0.   ]
 [0.    0.    0.    0.    0.062 0.25  0.375 0.25  0.062 0.    0.    0.    0.    0.    0.    0.    0.    0.    0.    0.    0.   ]
 [0.    0.    0.    0.    0.    0.062 0.25  0.375 0.25  0.062 0.    0.    0.    0.    0.    0.    0.    0.    0.    0.    0.   ]
 [0.    0.    0.    0.    0.    0.    0.062 0.25  0.375 0.25  0.062 0.    0.    0.    0.    0.    0.    0.    0.    0.    0.   ]
 [0.    0.    0.    0.    0.    0.    0.    0.062 0.25  0.375 0.25  0.062 0.    0.    0.    0.    0.    0.    0.    0.    0.   ]
 [0.    0.    0.    0.    0.    0.    0.    0.    0.062 0.25  0.375 0.25  0.062 0.    0.    0.    0.    0.    0.    0.    0.   ]
 [0.    0.    0.    0.    0.    0.    0.    0.    0.    0.062 0.25  0.375 0.25  0.062 0.    0.    0.    0.    0.    0.    0.   ]
 [0.    0.    0.    0.    0.    0.    0.    0.    0.    0.    0.062 0.25  0.375 0.25  0.062 0.    0.    0.    0.    0.    0.   ]
 [0.    0.    0.    0.    0.    0.    0.    0.    0.    0.    0.    0.062 0.25  0.375 0.25  0.062 0.    0.    0.    0.    0.   ]
 [0.    0.    0.    0.    0.    0.    0.    0.    0.    0.    0.    0.    0.062 0.25  0.375 0.25  0.062 0.    0.    0.    0.   ]
 [0.    0.    0.    0.    0.    0.    0.    0.    0.    0.    0.    0.    0.    0.062 0.25  0.375 0.25  0.062 0.    0.    0.   ]
 [0.    0.    0.    0.    0.    0.    0.    0.    0.    0.    0.    0.    0.    0.    0.062 0.25  0.375 0.25  0.062 0.    0.   ]
 [0.    0.    0.    0.    0.    0.    0.    0.    0.    0.    0.    0.    0.    0.    0.    0.062 0.25  0.375 0.25  0.062 0.   ]
 [0.    0.    0.    0.    0.    0.    0.    0.    0.    0.    0.    0.    0.    0.    0.    0.    0.062 0.25  0.375 0.25  0.062]]

ZA =
[[0.062 0.25  0.375 0.25  0.062 0.    0.    0.    0.    0.    0.    0.    0.    0.    0.    0.    0.    0.    0.    0.    0.   ]
 [0.012 0.1   0.275 0.35  0.213 0.05  0.    0.    0.    0.    0.    0.    0.    0.    0.    0.    0.    0.    0.    0.    0.   ]
 [0.002 0.029 0.136 0.292 0.323 0.179 0.039 0.    0.    0.    0.    0.    0.    0.    0.    0.    0.    0.    0.    0.    0.   ]
 [0.    0.006 0.049 0.168 0.302 0.295 0.149 0.031 0.    0.    0.    0.    0.    0.    0.    0.    0.    0.    0.    0.    0.   ]
 [0.    0.001 0.013 0.071 0.198 0.305 0.266 0.123 0.023 0.    0.    0.    0.    0.    0.    0.    0.    0.    0.    0.    0.   ]
 [0.    0.    0.002 0.022 0.095 0.224 0.303 0.237 0.1   0.018 0.    0.    0.    0.    0.    0.    0.    0.    0.    0.    0.   ]
 [0.    0.    0.    0.004 0.033 0.121 0.246 0.295 0.208 0.08  0.013 0.    0.    0.    0.    0.    0.    0.    0.    0.    0.   ]
 [0.    0.    0.    0.    0.008 0.047 0.147 0.263 0.282 0.18  0.063 0.009 0.    0.    0.    0.    0.    0.    0.    0.    0.   ]
 [0.    0.    0.    0.    0.001 0.012 0.064 0.174 0.276 0.266 0.153 0.048 0.006 0.    0.    0.    0.    0.    0.    0.    0.   ]
 [0.    0.    0.    0.    0.    0.002 0.018 0.083 0.199 0.283 0.246 0.128 0.036 0.004 0.    0.    0.    0.    0.    0.    0.   ]
 [0.    0.    0.    0.    0.    0.    0.003 0.026 0.104 0.224 0.286 0.224 0.104 0.026 0.003 0.    0.    0.    0.    0.    0.   ]
 [0.    0.    0.    0.    0.    0.    0.    0.004 0.036 0.128 0.246 0.283 0.199 0.083 0.018 0.002 0.    0.    0.    0.    0.   ]
 [0.    0.    0.    0.    0.    0.    0.    0.    0.006 0.048 0.153 0.266 0.276 0.174 0.064 0.012 0.001 0.    0.    0.    0.   ]
 [0.    0.    0.    0.    0.    0.    0.    0.    0.    0.009 0.063 0.18  0.282 0.263 0.147 0.047 0.008 0.    0.    0.    0.   ]
 [0.    0.    0.    0.    0.    0.    0.    0.    0.    0.    0.013 0.08  0.208 0.295 0.246 0.121 0.033 0.004 0.    0.    0.   ]
 [0.    0.    0.    0.    0.    0.    0.    0.    0.    0.    0.    0.018 0.1   0.237 0.303 0.224 0.095 0.022 0.002 0.    0.   ]
 [0.    0.    0.    0.    0.    0.    0.    0.    0.    0.    0.    0.    0.023 0.123 0.266 0.305 0.198 0.071 0.013 0.001 0.   ]
 [0.    0.    0.    0.    0.    0.    0.    0.    0.    0.    0.    0.    0.    0.031 0.149 0.295 0.302 0.168 0.049 0.006 0.   ]
 [0.    0.    0.    0.    0.    0.    0.    0.    0.    0.    0.    0.    0.    0.    0.039 0.179 0.323 0.292 0.136 0.029 0.002]
 [0.    0.    0.    0.    0.    0.    0.    0.    0.    0.    0.    0.    0.    0.    0.    0.05  0.213 0.35  0.275 0.1   0.012]
 [0.    0.    0.    0.    0.    0.    0.    0.    0.    0.    0.    0.    0.    0.    0.    0.    0.062 0.25  0.375 0.25  0.062]]

ZA (alternate take) =
[[0.062 0.25  0.375 0.25  0.062 0.    0.    0.    0.    0.    0.    0.    0.    0.    0.    0.    0.    0.    0.    0.    0.   ]
 [0.012 0.1   0.275 0.35  0.213 0.05  0.    0.    0.    0.    0.    0.    0.    0.    0.    0.    0.    0.    0.    0.    0.   ]
 [0.002 0.029 0.136 0.292 0.323 0.179 0.039 0.    0.    0.    0.    0.    0.    0.    0.    0.    0.    0.    0.    0.    0.   ]
 [0.    0.006 0.049 0.168 0.302 0.295 0.149 0.031 0.    0.    0.    0.    0.    0.    0.    0.    0.    0.    0.    0.    0.   ]
 [0.    0.001 0.013 0.071 0.198 0.305 0.266 0.123 0.023 0.    0.    0.    0.    0.    0.    0.    0.    0.    0.    0.    0.   ]
 [0.    0.    0.002 0.022 0.095 0.224 0.303 0.237 0.1   0.018 0.    0.    0.    0.    0.    0.    0.    0.    0.    0.    0.   ]
 [0.    0.    0.    0.004 0.033 0.121 0.246 0.295 0.208 0.08  0.013 0.    0.    0.    0.    0.    0.    0.    0.    0.    0.   ]
 [0.    0.    0.    0.    0.008 0.047 0.147 0.263 0.282 0.18  0.063 0.009 0.    0.    0.    0.    0.    0.    0.    0.    0.   ]
 [0.    0.    0.    0.    0.001 0.012 0.064 0.174 0.276 0.266 0.153 0.048 0.006 0.    0.    0.    0.    0.    0.    0.    0.   ]
 [0.    0.    0.    0.    0.    0.002 0.018 0.083 0.199 0.283 0.246 0.128 0.036 0.004 0.    0.    0.    0.    0.    0.    0.   ]
 [0.    0.    0.    0.    0.    0.    0.003 0.026 0.104 0.224 0.286 0.224 0.104 0.026 0.003 0.    0.    0.    0.    0.    0.   ]
 [0.    0.    0.    0.    0.    0.    0.    0.004 0.036 0.128 0.246 0.283 0.199 0.083 0.018 0.002 0.    0.    0.    0.    0.   ]
 [0.    0.    0.    0.    0.    0.    0.    0.    0.006 0.048 0.153 0.266 0.276 0.174 0.064 0.012 0.001 0.    0.    0.    0.   ]
 [0.    0.    0.    0.    0.    0.    0.    0.    0.    0.009 0.063 0.18  0.282 0.263 0.147 0.047 0.008 0.    0.    0.    0.   ]
 [0.    0.    0.    0.    0.    0.    0.    0.    0.    0.    0.013 0.08  0.208 0.295 0.246 0.121 0.033 0.004 0.    0.    0.   ]
 [0.    0.    0.    0.    0.    0.    0.    0.    0.    0.    0.    0.018 0.1   0.237 0.303 0.224 0.095 0.022 0.002 0.    0.   ]
 [0.    0.    0.    0.    0.    0.    0.    0.    0.    0.    0.    0.    0.023 0.123 0.266 0.305 0.198 0.071 0.013 0.001 0.   ]
 [0.    0.    0.    0.    0.    0.    0.    0.    0.    0.    0.    0.    0.    0.031 0.149 0.295 0.302 0.168 0.049 0.006 0.   ]
 [0.    0.    0.    0.    0.    0.    0.    0.    0.    0.    0.    0.    0.    0.    0.039 0.179 0.323 0.292 0.136 0.029 0.002]
 [0.    0.    0.    0.    0.    0.    0.    0.    0.    0.    0.    0.    0.    0.    0.    0.05  0.213 0.35  0.275 0.1   0.012]
 [0.    0.    0.    0.    0.    0.    0.    0.    0.    0.    0.    0.    0.    0.    0.    0.    0.062 0.25  0.375 0.25  0.062]]

binomial coefficients: x = 
[     1     20    190   1140   4845  15504  38760  77520 125970 167960 184756 167960 125970  77520  38760  15504   4845   1140    190     20      1]

x * Z * A =
[[     1.     20.    190.   1140.   4845.  15504.  38760.  77520. 125970. 167960. 184756. 167960. 125970.  77520.  38760.  15504.   4845.   1140.    190.     20.      1.]]

