Z =
[[1.    0.    0.    0.    0.    0.    0.    0.   ]
 [0.3   0.7   0.    0.    0.    0.    0.    0.   ]
 [0.067 0.467 0.467 0.    0.    0.    0.    0.   ]
 [0.008 0.175 0.525 0.292 0.    0.    0.    0.   ]
 [0.    0.033 0.3   0.5   0.167 0.    0.    0.   ]
 [0.    0.    0.083 0.417 0.417 0.083 0.    0.   ]
 [0.    0.    0.    0.167 0.5   0.3   0.033 0.   ]
 [0.    0.    0.    0.    0.292 0.525 0.175 0.008]
 [0.    0.    0.    0.    0.    0.467 0.467 0.067]
 [0.    0.    0.    0.    0.    0.    0.7   0.3  ]
 [0.    0.    0.    0.    0.    0.    0.    1.   ]]

A =
[[0.125 0.375 0.375 0.125 0.    0.    0.    0.    0.    0.    0.   ]
 [0.    0.125 0.375 0.375 0.125 0.    0.    0.    0.    0.    0.   ]
 [0.    0.    0.125 0.375 0.375 0.125 0.    0.    0.    0.    0.   ]
 [0.    0.    0.    0.125 0.375 0.375 0.125 0.    0.    0.    0.   ]
 [0.    0.    0.    0.    0.125 0.375 0.375 0.125 0.    0.    0.   ]
 [0.    0.    0.    0.    0.    0.125 0.375 0.375 0.125 0.    0.   ]
 [0.    0.    0.    0.    0.    0.    0.125 0.375 0.375 0.125 0.   ]
 [0.    0.    0.    0.    0.    0.    0.    0.125 0.375 0.375 0.125]]

ZA =
[[0.125 0.375 0.375 0.125 0.    0.    0.    0.    0.    0.    0.   ]
 [0.038 0.2   0.375 0.3   0.088 0.    0.    0.    0.    0.    0.   ]
 [0.008 0.083 0.258 0.358 0.233 0.058 0.    0.    0.    0.    0.   ]
 [0.001 0.025 0.134 0.3   0.328 0.175 0.036 0.    0.    0.    0.   ]
 [0.    0.004 0.05  0.188 0.325 0.288 0.125 0.021 0.    0.    0.   ]
 [0.    0.    0.01  0.083 0.24  0.333 0.24  0.083 0.01  0.    0.   ]
 [0.    0.    0.    0.021 0.125 0.288 0.325 0.188 0.05  0.004 0.   ]
 [0.    0.    0.    0.    0.036 0.175 0.328 0.3   0.134 0.025 0.001]
 [0.    0.    0.    0.    0.    0.058 0.233 0.358 0.258 0.083 0.008]
 [0.    0.    0.    0.    0.    0.    0.088 0.3   0.375 0.2   0.038]
 [0.    0.    0.    0.    0.    0.    0.    0.125 0.375 0.375 0.125]]

binomial coefficients: x = 
[  1  10  45 120 210 252 210 120  45  10   1]

x * Z * A =
[[  1.  10.  45. 120. 210. 252. 210. 120.  45.  10.   1.]]

